ans =

     71
     86
     89
    162
    181
    238
    370
    375
    431
    479
    530
    531
    592
    688
    790
    794
    799
    810
    883
    916
    945
    961
    992
   1002
   1062
   1077
   1120
   1162
   1171
   1182
   1237
   1364
   1440
   1477
   1510
   1547
   1663
   1676
   1699
   1758
   1822
   1831
   1893
   1895
   1896

